0000101100110110
0011011100100111
0011110000010001 = 6 

0011011100100111
0010101000101011
0001110100001100 = 6 

0010101000101011
0010111001100011
0000010001001000 = 3 

0010111001100011
0110001000101100
0100110001001111 = 8 

0110001000101100
0010111001101001
0100110001000101 = 6 

0010111001101001
0110100100101010
0100011101000011 = 7 

0110100100101010
0010001101101001
0100101001000011 = 6 

0010001101101001
0011101000101010
0001100101000011 = 6 

0011101000101010
0011110001100011
0000011001001001 = 5 

0011110001100011	
0010010000100000
0001100001000011 = 5 

0010010000100000
0010110101100010
0000100101000010 = 4 

0010110101100010
0011110101100011
0001000000000001 = 2 

0011110101100011
0011010000111100
0000100101011111 = 8 

0011010000111100
0010101000100110
0001111000011010 = 7 

0010101000100110
0010001001100011
0000100001000101 = 4 

0010001001100011
0010010000100111
0000011001000100 = 4 

0010010000100111
0010011101100101
0000001101000010 = 4 

0010011101100101
0010011100101010
0000000001000101 = 3 

0010011100101010
0010100000101011
0000111100000001 = 5 

0010100000101011
0010111100100000
0000011100001011 = 6 

0010111100100000
0100001100001010
0110110000101010 = 7 
0100001100001010
0110010100101110
0010011000100100 = 5 

0110010100101110
0010110001100101
0100100101001011 = 7 

0010110001100101
0010101000110001
0000011001010100 = 5 

0010101000110001
0010010000110011
0000111000000010 = 4 

0010010000110011
0011101001100101
0001111001010110 = 8 

0011101001100101
0011111000101011
0000010001001110 = 5 

0011111000101011
0010000000100111
0001111000001100 = 6 

0010000000100111
0110001100001100
0100001100101011 = 7 

0110001100001100
0110100100101011
0000101000100111 = 6 

0110100100101011
0010000000101000
0100100100000011 = 5 

0010000000101000
0011000101100101
0001000101001101 = 6 

0011000101100101
0010100001100011
0001100100000110 = 5 

0010100001100011
0010011000110000
0000111001010011 = 7 

0010011000110000
0010111000100111
0000100000010111 = 5 

0010111000100111
0010100000101111
0000011000001000 = 3  